-2.358636379241943359e+00 6.086466088891029358e-02
3.087844133377075195e+00 2.891564846038818359e+00
1.064542651176452637e+00 -3.071174860000610352e+00
-8.590416908264160156e-01 3.132240295410156250e+00
1.014399051666259766e+00 2.615849375724792480e-01
-3.003183126449584961e+00 -3.115285634994506836e+00
-3.100555658340454102e+00 2.482549667358398438e+00
-1.005174279212951660e+00 -3.138939619064331055e+00
-7.687230110168457031e-01 -1.132948994636535645e+00
1.026107788085937500e+00 2.527755737304687500e+00
-1.094443202018737793e+00 1.338719487190246582e+00
-2.481050491333007812e+00 -1.556254148483276367e+00
9.966904520988464355e-01 -1.236431717872619629e+00
-2.601708173751831055e+00 1.309105753898620605e+00
-1.853163003921508789e+00 2.357484340667724609e+00
-1.058363556861877441e+00 8.261322975158691406e-02
8.081420063972473145e-01 1.356145381927490234e+00
-1.731752991676330566e+00 -7.564135193824768066e-01
-1.976795077323913574e+00 -2.860909938812255859e+00
-4.603333771228790283e-01 2.215426445007324219e+00
-2.404046773910522461e+00 3.138979196548461914e+00
-2.977640628814697266e+00 -5.913183689117431641e-01
-1.749434232711791992e+00 7.123151421546936035e-01
1.321623086929321289e+00 -4.840471148490905762e-01
-1.430001020431518555e+00 -1.528875708580017090e+00
-1.628078937530517578e+00 3.092514991760253906e+00
-1.828420877456665039e+00 1.488652348518371582e+00
-2.832362174987792969e+00 6.153653860092163086e-01
-1.177386760711669922e+00 2.101386070251464844e+00
-2.499247074127197266e+00 2.036878108978271484e+00
7.750709056854248047e-01 -2.422392845153808594e+00
-2.839040756225585938e+00 -2.159030199050903320e+00
-1.456056833267211914e+00 -2.423011779785156250e+00
-1.709857225418090820e+00 -1.836868189275264740e-02
-1.108860373497009277e+00 -5.673271417617797852e-01
-2.343256711959838867e+00 -5.848474502563476562e-01
-3.036046504974365234e+00 3.106488227844238281e+00
6.748205423355102539e-01 7.714834809303283691e-01
-1.219249129295349121e+00 2.679614067077636719e+00
-2.534526824951171875e+00 2.596367359161376953e+00
-2.599627017974853516e+00 -2.731485128402709961e+00
-2.312932968139648438e+00 8.042821288108825684e-01
-2.906543493270874023e+00 6.585083156824111938e-02
-2.194731950759887695e+00 -1.089546322822570801e+00
-1.511579871177673340e+00 -3.082601547241210938e+00
-1.242508292198181152e+00 7.145644426345825195e-01
8.317524790763854980e-01 2.989533662796020508e+00
8.439177274703979492e-01 -3.386320769786834717e-01
-6.797606348991394043e-01 -3.191879093647003174e-01
-2.051253318786621094e+00 2.807508707046508789e+00
-2.929765462875366211e+00 1.849749922752380371e+00
-7.331627011299133301e-01 2.594022274017333984e+00
-2.014719009399414062e+00 1.916199445724487305e+00
1.097472429275512695e+00 9.622187614440917969e-01
-2.346977710723876953e+00 -3.140078067779541016e+00
-2.079838514328002930e+00 -2.413188934326171875e+00
-1.445676445960998535e+00 1.735899090766906738e+00
-1.508495092391967773e+00 1.162192940711975098e+00
-2.053346633911132812e+00 3.830045163631439209e-01
-3.060601472854614258e+00 -2.676584720611572266e+00
-2.662630796432495117e+00 -9.015963673591613770e-01
-1.351170539855957031e+00 -9.785983562469482422e-01
-8.684501051902770996e-01 4.898169636726379395e-01
-1.966732501983642578e+00 -3.645365834236145020e-01
-1.455316781997680664e+00 3.400428891181945801e-01
-8.383905887603759766e-01 1.844703555107116699e+00
-1.492629289627075195e+00 -3.868584930896759033e-01
1.250891208648681641e+00 2.945548772811889648e+00
-2.177706241607666016e+00 1.276914834976196289e+00
-2.658562660217285156e+00 -2.521314322948455811e-01
-1.626677632331848145e+00 2.687671422958374023e+00
1.188271999359130859e+00 -1.080237552523612976e-01
1.327132225036621094e+00 5.017908811569213867e-01
-2.466695547103881836e+00 4.341326355934143066e-01
-2.234105587005615234e+00 2.323002099990844727e+00
-1.242270946502685547e+00 3.060725450515747070e+00
-1.475868225097656250e+00 2.331609964370727539e+00
-2.872709274291992188e+00 2.774633646011352539e+00
-2.777436256408691406e+00 2.303168296813964844e+00
-1.315148115158081055e+00 -2.770822048187255859e+00
8.352766633033752441e-01 -2.784114837646484375e+00
-7.830457687377929688e-01 -7.669744491577148438e-01
-8.395538330078125000e-01 2.223370552062988281e+00
1.130354881286621094e+00 -9.033349752426147461e-01
-2.684585571289062500e+00 9.657710790634155273e-01
-1.870327234268188477e+00 1.031229496002197266e+00
-2.403201580047607422e+00 1.585479021072387695e+00
-1.188765525817871094e+00 -2.376844882965087891e-01
-1.653480052947998047e+00 2.001424789428710938e+00
-2.014252424240112305e+00 3.139800786972045898e+00
9.661755561828613281e-01 5.892936587333679199e-01
-2.678225517272949219e+00 -3.131240367889404297e+00
-1.117575645446777344e+00 1.679461956024169922e+00
-2.315696239471435547e+00 -2.619904875755310059e-01
-2.025796890258789062e+00 5.008455365896224976e-02
-1.690565228462219238e+00 -2.714030265808105469e+00
-1.014951586723327637e+00 9.399459362030029297e-01
-1.823571443557739258e+00 -3.138327836990356445e+00
-2.719035148620605469e+00 3.107332468032836914e+00
-1.394971251487731934e+00 7.592285051941871643e-03
-2.276397943496704102e+00 -2.762656927108764648e+00
-2.042990684509277344e+00 -7.094451189041137695e-01
-1.680137634277343750e+00 -1.064061760902404785e+00
-9.516900181770324707e-01 2.835753440856933594e+00
5.983873009681701660e-01 1.070543527603149414e+00
-2.714802980422973633e+00 1.595428109169006348e+00
8.921306133270263672e-01 -2.622427046298980713e-02
-1.032597661018371582e+00 -9.788994193077087402e-01
-1.076238989830017090e+00 2.412292003631591797e+00
-1.753163218498229980e+00 2.925969064235687256e-01
6.973988413810729980e-01 4.532033205032348633e-01
-2.349082708358764648e+00 2.839019536972045898e+00
9.979569315910339355e-01 -6.353749036788940430e-01
1.467115402221679688e+00 -2.238563150167465210e-01
-1.444124221801757812e+00 -6.985716223716735840e-01
-1.398638725280761719e+00 1.429799437522888184e+00
-2.644821166992187500e+00 -5.409516096115112305e-01
-2.639007329940795898e+00 2.035032361745834351e-01
-1.172210693359375000e+00 3.907612264156341553e-01
-2.044269800186157227e+00 7.534044981002807617e-01
-1.522389769554138184e+00 8.606682419776916504e-01
-2.563587188720703125e+00 7.014417052268981934e-01
-1.246292114257812500e+00 1.097895741462707520e+00
-1.441348671913146973e+00 2.881628036499023438e+00
-1.737729787826538086e+00 1.747313380241394043e+00
-2.205770015716552734e+00 2.591512680053710938e+00
-6.381034851074218750e-01 2.018074512481689453e+00
1.271439671516418457e+00 2.025994807481765747e-01
-2.817337751388549805e+00 -2.578145503997802734e+00
-1.795244812965393066e+00 2.891007184982299805e+00
-2.608919382095336914e+00 2.866680622100830078e+00
-9.444739222526550293e-01 -3.645345568656921387e-01
-2.965333223342895508e+00 2.126517057418823242e+00
-2.521856069564819336e+00 2.336345911026000977e+00
-2.345112323760986328e+00 1.059338212013244629e+00
-1.257701039314270020e+00 -3.047388315200805664e+00
-2.829324960708618164e+00 -2.927661657333374023e+00
-2.064109325408935547e+00 -1.306297063827514648e+00
-2.019476413726806641e+00 2.168055534362792969e+00
1.090272665023803711e+00 -3.860242068767547607e-01
-2.259905576705932617e+00 1.960307002067565918e+00
-2.098652601242065430e+00 -3.120369672775268555e+00
-8.128070235252380371e-01 4.134153574705123901e-02
-1.735118865966796875e+00 -4.559081792831420898e-01
-1.904617190361022949e+00 2.600666046142578125e+00
-1.405739307403564453e+00 1.994804978370666504e+00
-2.907931089401245117e+00 -8.704713582992553711e-01
1.029532790184020996e+00 2.845407009124755859e+00
-2.222582340240478516e+00 5.794619917869567871e-01
6.638462543487548828e-01 1.546021461486816406e+00
-2.866862297058105469e+00 -3.805650472640991211e-01
-2.864590406417846680e+00 2.538073301315307617e+00
-2.592636585235595703e+00 -1.126453161239624023e+00
-2.479624748229980469e+00 -2.933782577514648438e+00
-1.604864001274108887e+00 1.555707216262817383e+00
7.861335277557373047e-01 2.153701782226562500e-01
-2.168129920959472656e+00 1.509301900863647461e+00
-1.430092096328735352e+00 2.559594392776489258e+00
-2.257597208023071289e+00 2.699200809001922607e-01
-1.615244507789611816e+00 5.075676441192626953e-01
8.803207278251647949e-01 8.749732375144958496e-01
-1.727085471153259277e+00 1.231963276863098145e+00
-1.172026038169860840e+00 -7.975035905838012695e-01
-2.814489603042602539e+00 3.483565151691436768e-01
-1.913180112838745117e+00 -1.459534317255020142e-01
-6.652362942695617676e-01 2.364144563674926758e+00
-9.756152033805847168e-01 2.613202810287475586e+00
-2.678282976150512695e+00 1.902837157249450684e+00
-1.657610654830932617e+00 -2.352188974618911743e-01
-2.563428878784179688e+00 -2.726458571851253510e-02
-2.148375749588012695e+00 1.742485046386718750e+00
-1.070850491523742676e+00 1.909850239753723145e+00
-1.727617263793945312e+00 -2.942624330520629883e+00
-2.445227861404418945e+00 1.797774672508239746e+00
1.217622756958007812e+00 -1.101208686828613281e+00
-6.523232460021972656e-01 -5.948382616043090820e-01
-1.674053549766540527e+00 2.237771511077880859e+00
-2.220832347869873047e+00 3.011094570159912109e+00
-1.850690126419067383e+00 5.232979655265808105e-01
-7.392938137054443359e-01 2.954516410827636719e+00
-1.229888558387756348e+00 -1.154119491577148438e+00
-1.571146368980407715e+00 1.611467599868774414e-01
-3.087700366973876953e+00 2.899772644042968750e+00
-2.050391197204589844e+00 2.437089443206787109e+00
-1.295342206954956055e+00 -4.654920697212219238e-01
-1.260934472084045410e+00 2.296302318572998047e+00
-1.279083132743835449e+00 1.848621070384979248e-01
-2.174555301666259766e+00 -4.181784689426422119e-01
-2.457191944122314453e+00 -8.588336110115051270e-01
-1.641039252281188965e+00 2.457948684692382812e+00
-2.185146570205688477e+00 -8.342054486274719238e-02
-1.427340269088745117e+00 6.205366849899291992e-01
-2.476591110229492188e+00 -3.927302360534667969e-01
-2.250940799713134766e+00 -7.699670195579528809e-01
-1.947993636131286621e+00 1.693255424499511719e+00
-1.404258370399475098e+00 -2.006030231714248657e-01
1.098416447639465332e+00 1.167336225509643555e+00
-9.590933918952941895e-01 1.549460291862487793e+00
-1.151991367340087891e+00 2.875134944915771484e+00
-1.007101535797119141e+00 -1.460796594619750977e-01
-2.372003555297851562e+00 2.475249052047729492e+00
1.274499535560607910e+00 -6.809574961662292480e-01
-1.491375923156738281e+00 -2.881817340850830078e+00
-1.430658698081970215e+00 -1.164781808853149414e+00
1.154997706413269043e+00 6.565075516700744629e-01
-9.372748732566833496e-01 2.421815991401672363e-01
-1.507629752159118652e+00 -2.633646726608276367e+00
-2.800026893615722656e+00 -6.814556121826171875e-01
7.884396910667419434e-01 1.130097389221191406e+00
-8.812087774276733398e-01 -5.516579151153564453e-01
-1.435100317001342773e+00 3.130122900009155273e+00
-2.672171115875244141e+00 2.130268573760986328e+00
-8.681486845016479492e-01 2.448916196823120117e+00
-9.827828407287597656e-01 2.086014270782470703e+00
-1.865406632423400879e+00 2.050178527832031250e+00
1.092572450637817383e+00 4.424566626548767090e-01
1.091390132904052734e+00 5.975091084837913513e-02
1.027468800544738770e+00 -2.807713031768798828e+00
-1.974624276161193848e+00 -8.889310359954833984e-01
-2.715293407440185547e+00 2.660272121429443359e+00
-1.831408977508544922e+00 3.087581872940063477e+00
-2.109394550323486328e+00 9.319725036621093750e-01
-2.892193078994750977e+00 7.951550483703613281e-01
-1.592431068420410156e+00 -8.841822147369384766e-01
-1.927217364311218262e+00 2.113118320703506470e-01
8.803936243057250977e-01 4.076143205165863037e-01
-1.249775528907775879e+00 2.485055685043334961e+00
-3.025397777557373047e+00 2.654723167419433594e+00
-1.571627259254455566e+00 -5.624721646308898926e-01
-2.514764070510864258e+00 8.889018893241882324e-01
-2.395295619964599609e+00 2.200553417205810547e+00
-2.292090892791748047e+00 -2.947541236877441406e+00
-2.677361965179443359e+00 2.479410886764526367e+00
-1.670883297920227051e+00 9.701945781707763672e-01
-1.219664931297302246e+00 -4.883654415607452393e-02
-1.006121277809143066e+00 3.011341094970703125e+00
-1.315175533294677734e+00 1.609359264373779297e+00
5.306633114814758301e-01 1.238902568817138672e+00
-2.440799474716186523e+00 2.226404696702957153e-01
-2.841875553131103516e+00 2.953142404556274414e+00
-3.009726524353027344e+00 -2.922955513000488281e+00
-2.102889537811279297e+00 -2.469235807657241821e-01
-2.186524629592895508e+00 -2.606837272644042969e+00
-1.868297100067138672e+00 -6.416985988616943359e-01
7.947176694869995117e-01 6.380715966224670410e-01
-4.992347359657287598e-01 2.428823947906494141e+00
-1.387792229652404785e+00 9.897942543029785156e-01
-8.224290013313293457e-01 -2.128945887088775635e-01
-1.545410633087158203e+00 -9.299394488334655762e-02
-2.467322826385498047e+00 2.973485946655273438e+00
-2.738085746765136719e+00 -6.291093304753303528e-03
-2.475130796432495117e+00 1.177692413330078125e+00
-9.507356882095336914e-01 -8.173595070838928223e-01
-1.967739582061767578e+00 1.383351206779479980e+00
-2.398869991302490234e+00 6.437245607376098633e-01
-1.519298076629638672e+00 2.126655578613281250e+00
-1.277573704719543457e+00 -6.385650634765625000e-01
-1.955232739448547363e+00 2.965637683868408203e+00
-2.233737707138061523e+00 2.136920452117919922e+00
-1.623551249504089355e+00 2.915896654129028320e+00
-2.371865272521972656e+00 2.654852390289306641e+00
-1.791259288787841797e+00 -9.321057200431823730e-01
-2.915390253067016602e+00 -1.055339798331260681e-01
9.473414421081542969e-01 1.455924749374389648e+00
-6.558237075805664062e-01 2.187681674957275391e+00
-1.236920237541198730e+00 1.871245026588439941e+00
-2.437742710113525391e+00 -1.418553739786148071e-01
-1.034763336181640625e+00 2.247856855392456055e+00
-2.694202661514282227e+00 5.182971954345703125e-01
-1.812309145927429199e+00 8.677445054054260254e-01
-2.015461683273315430e+00 -5.248404145240783691e-01
-2.102865219116210938e+00 2.086433470249176025e-01
-1.370828509330749512e+00 1.254967689514160156e+00
7.246609926223754883e-01 9.311594367027282715e-01
-1.133074164390563965e+00 -3.926166892051696777e-01
9.944136142730712891e-01 7.562861442565917969e-01
-2.797327518463134766e+00 2.016094684600830078e+00
-2.302543640136718750e+00 4.340360164642333984e-01
-2.922955274581909180e+00 2.379094600677490234e+00
1.048916816711425781e+00 -1.941182613372802734e-01
-1.359264135360717773e+00 2.157408237457275391e+00
-1.355286478996276855e+00 4.745567739009857178e-01
-1.863196969032287598e+00 4.448843374848365784e-02
-8.251252174377441406e-01 2.727337121963500977e+00
-2.529653310775756836e+00 1.453622698783874512e+00
-1.893111824989318848e+00 2.762949466705322266e+00
5.835468769073486328e-01 6.386897563934326172e-01
-7.971934080123901367e-01 2.041592121124267578e+00
1.348291039466857910e+00 -9.274052083492279053e-02
-2.647780179977416992e+00 3.644865751266479492e-01
-1.414661645889282227e+00 2.719439029693603516e+00
-1.962199091911315918e+00 -3.037064790725708008e+00
5.036395788192749023e-01 9.419310688972473145e-01
-2.135961771011352539e+00 -2.868771553039550781e+00
-2.206864118576049805e+00 2.750607490539550781e+00
-2.505590438842773438e+00 -3.128063201904296875e+00
-1.224189400672912598e+00 1.430347084999084473e+00
-2.056938648223876953e+00 2.646916866302490234e+00
-1.665006756782531738e+00 -3.134838104248046875e+00
-2.606264114379882812e+00 -6.945335268974304199e-01
-1.826200604438781738e+00 -2.772077023983001709e-01
-2.688813686370849609e+00 7.963481545448303223e-01
9.671434164047241211e-01 -2.662751913070678711e+00
-1.569174051284790039e+00 1.306916832923889160e+00
-2.787623167037963867e+00 1.083630800247192383e+00
-2.178752660751342773e+00 -6.312908530235290527e-01
-2.676723480224609375e+00 -2.896638631820678711e+00
-2.444461345672607422e+00 -2.782703161239624023e+00
-2.493750333786010742e+00 2.749862909317016602e+00
-1.398029088973999023e+00 7.713577747344970703e-01
-2.850100278854370117e+00 -3.116298913955688477e+00
9.050490260124206543e-01 1.032317399978637695e+00
-1.786555647850036621e+00 2.502162933349609375e+00
-1.068597316741943359e+00 2.733307600021362305e+00
-1.185302495956420898e+00 -9.486424922943115234e-01
-2.200021743774414062e+00 9.312266111373901367e-02
-1.902648687362670898e+00 3.775052130222320557e-01
9.065172076225280762e-01 1.223804712295532227e+00
-1.546467781066894531e+00 1.847196459770202637e+00
-1.123635292053222656e+00 2.565018653869628906e+00
-7.702014446258544922e-01 -4.519101083278656006e-01
-1.288787126541137695e+00 2.816248893737792969e+00
-2.572345972061157227e+00 3.078827142715454102e+00
-1.208002090454101562e+00 1.241292715072631836e+00
8.996911644935607910e-01 -2.012593299150466919e-01
-1.133275985717773438e+00 2.114403396844863892e-01
-1.419953346252441406e+00 -5.450154542922973633e-01
1.133530378341674805e+00 8.053600192070007324e-01
-2.688112497329711914e+00 -3.964039385318756104e-01
-2.035106658935546875e+00 1.574525117874145508e+00
-1.424010157585144043e+00 1.565583050251007080e-01
-1.029100537300109863e+00 -6.909391880035400391e-01
9.025598168373107910e-01 1.203804984688758850e-01
-1.571442008018493652e+00 6.470814943313598633e-01
-2.489133834838867188e+00 -5.904445648193359375e-01
-1.725132226943969727e+00 1.493320614099502563e-01
-8.874410986900329590e-01 -9.823699593544006348e-01
-1.321494221687316895e+00 -8.378744125366210938e-01
-1.768809914588928223e+00 2.667235136032104492e+00
-2.341616392135620117e+00 -4.419999718666076660e-01
-1.512807607650756836e+00 3.008913278579711914e+00
-1.348682641983032227e+00 -3.314750194549560547e-01
-2.522931098937988281e+00 1.079055070877075195e-01
-2.539525985717773438e+00 -9.957574605941772461e-01
-2.804404735565185547e+00 -2.542800605297088623e-01
-2.737821102142333984e+00 1.345349788665771484e+00
-9.777225852012634277e-01 1.696017742156982422e+00
-1.882409691810607910e+00 -4.763143956661224365e-01
-1.953235030174255371e+00 1.143811821937561035e+00
-2.105751037597656250e+00 2.021694421768188477e+00
-1.889179468154907227e+00 1.856075167655944824e+00
