-3.100555658340454102e+00 2.482549667358398438e+00
-3.036046504974365234e+00 3.106488227844238281e+00
-2.978220462799072266e+00 2.800010681152343750e+00
-2.931346893310546875e+00 -5.315937399864196777e-01
-2.915390253067016602e+00 -1.055339798331260681e-01
-2.825015544891357422e+00 5.679656863212585449e-01
-2.817337751388549805e+00 -2.578145503997802734e+00
-2.779962539672851562e+00 2.358548402786254883e+00
-2.772010803222656250e+00 1.721286892890930176e+00
-2.764769792556762695e+00 -3.141558408737182617e+00
-2.706146717071533203e+00 2.964472770690917969e+00
-2.685131788253784180e+00 1.531580537557601929e-01
-2.633365631103515625e+00 8.796563148498535156e-01
-2.604942560195922852e+00 -3.005452454090118408e-01
-2.592636585235595703e+00 -1.126453161239624023e+00
-2.586802005767822266e+00 4.129612743854522705e-01
-2.567896842956542969e+00 2.628718614578247070e+00
-2.562541723251342773e+00 1.267720341682434082e+00
-2.557287216186523438e+00 2.093843460083007812e+00
-2.530908823013305664e+00 -8.013644814491271973e-01
-2.452270984649658203e+00 1.790946960449218750e+00
-2.444461345672607422e+00 -2.782703161239624023e+00
-2.389305353164672852e+00 3.137473106384277344e+00
-2.371691703796386719e+00 2.845563888549804688e+00
-2.358636379241943359e+00 6.086466088891029358e-02
-2.349151611328125000e+00 6.221384406089782715e-01
-2.344246864318847656e+00 2.354099750518798828e+00
-2.339154481887817383e+00 -5.660731792449951172e-01
-2.290503501892089844e+00 9.830638170242309570e-01
-2.288731575012207031e+00 2.044476270675659180e+00
-2.271086454391479492e+00 3.383799493312835693e-01
-2.229550838470458984e+00 -3.007588624954223633e+00
-2.181406974792480469e+00 -2.507715225219726562e+00
-2.160723447799682617e+00 -1.662744134664535522e-01
-2.145531177520751953e+00 2.674005746841430664e+00
-2.135349750518798828e+00 1.813085794448852539e+00
-2.091013908386230469e+00 1.276379972696304321e-01
-2.090138673782348633e+00 2.994812250137329102e+00
-2.001022338867187500e+00 -4.273819923400878906e-01
-1.974624276161193848e+00 -8.889310359954833984e-01
-1.953558206558227539e+00 3.607132136821746826e-01
-1.953235030174255371e+00 1.143811821937561035e+00
-1.927940726280212402e+00 2.262343883514404297e+00
-1.922843098640441895e+00 8.327715396881103516e-01
-1.876640081405639648e+00 -2.814838409423828125e+00
-1.829671740531921387e+00 1.767689347267150879e+00
-1.826092481613159180e+00 1.391521334648132324e+00
-1.790907382965087891e+00 -8.255853503942489624e-02
-1.780814766883850098e+00 -3.086598396301269531e+00
-1.776368141174316406e+00 2.908029079437255859e+00
-1.761129856109619141e+00 2.562786817550659180e+00
-1.670235157012939453e+00 1.069375395774841309e+00
-1.665695428848266602e+00 -6.686556935310363770e-01
-1.642649173736572266e+00 1.950156539678573608e-01
-1.615244507789611816e+00 5.075676441192626953e-01
-1.550101876258850098e+00 2.167379379272460938e+00
-1.541697025299072266e+00 1.712248802185058594e+00
-1.538807392120361328e+00 -3.717597126960754395e-01
-1.507629752159118652e+00 -2.633646726608276367e+00
-1.468886375427246094e+00 -9.971485137939453125e-01
-1.446885466575622559e+00 -3.037225008010864258e+00
-1.435966730117797852e+00 -6.652594357728958130e-02
-1.430996417999267578e+00 2.900574684143066406e+00
-1.421016454696655273e+00 2.551900386810302734e+00
-1.390906095504760742e+00 7.990053296089172363e-01
-1.322827100753784180e+00 2.571525275707244873e-01
-1.283347129821777344e+00 -6.596187949180603027e-01
-1.263810396194458008e+00 1.048736810684204102e+00
-1.256597161293029785e+00 1.327157735824584961e+00
-1.256596446037292480e+00 1.709096431732177734e+00
-1.191208839416503906e+00 2.099488735198974609e+00
-1.183620810508728027e+00 -3.213319778442382812e-01
-1.175625085830688477e+00 -1.043221473693847656e+00
-1.169417500495910645e+00 2.733315706253051758e+00
-1.151645898818969727e+00 3.107374668121337891e+00
-1.138587594032287598e+00 2.381682634353637695e+00
-1.126859426498413086e+00 4.474661946296691895e-01
-1.099859237670898438e+00 -3.079091787338256836e+00
-1.014951586723327637e+00 9.399459362030029297e-01
-9.456337690353393555e-01 -7.649072408676147461e-01
-9.376606941223144531e-01 1.752715349197387695e+00
-9.042177200317382812e-01 2.560080051422119141e+00
-8.817257285118103027e-01 -3.826336264610290527e-01
-8.296339511871337891e-01 2.872550487518310547e+00
-8.128070235252380371e-01 4.134153574705123901e-02
-8.071419000625610352e-01 2.134989261627197266e+00
-6.523232460021972656e-01 -5.948382616043090820e-01
-4.603333771228790283e-01 2.215426445007324219e+00
5.695785284042358398e-01 1.219222307205200195e+00
5.933076739311218262e-01 8.229122757911682129e-01
6.973988413810729980e-01 4.532033205032348633e-01
7.750709056854248047e-01 -2.422392845153808594e+00
8.707709312438964844e-01 9.637628793716430664e-01
8.962509036064147949e-01 1.277419447898864746e+00
8.996911644935607910e-01 -2.012593299150466919e-01
9.748171567916870117e-01 -2.913030624389648438e+00
1.008519411087036133e+00 3.632832169532775879e-01
1.091390132904052734e+00 5.975091084837913513e-02
1.135489463806152344e+00 6.857806444168090820e-01
1.317834377288818359e+00 -1.215204447507858276e-01
1.321623086929321289e+00 -4.840471148490905762e-01
