-2.932573556900024414e+00 2.606624126434326172e+00
-2.927620649337768555e+00 2.809757947921752930e+00
-2.890256404876708984e+00 3.004007339477539062e+00
-2.866582393646240234e+00 2.283273220062255859e+00
-2.810686349868774414e+00 2.471375703811645508e+00
-2.793399810791015625e+00 -1.828879117965698242e-01
-2.776218175888061523e+00 2.004910707473754883e+00
-2.773475170135498047e+00 2.737916469573974609e+00
-2.761155128479003906e+00 -5.880314111709594727e-01
-2.760426044464111328e+00 2.879545688629150391e+00
-2.753510475158691406e+00 -3.030472755432128906e+00
-2.748110771179199219e+00 2.611035585403442383e+00
-2.741644859313964844e+00 2.318803071975708008e-01
-2.731420516967773438e+00 5.816352367401123047e-01
-2.726634025573730469e+00 3.044239044189453125e+00
-2.678507804870605469e+00 2.346774578094482422e+00
-2.646480560302734375e+00 2.776178598403930664e+00
-2.642328500747680664e+00 2.502673149108886719e+00
-2.632200479507446289e+00 2.642821073532104492e+00
-2.631521701812744141e+00 1.281173825263977051e+00
-2.630764484405517578e+00 2.915954589843750000e+00
-2.622071743011474609e+00 8.895633816719055176e-01
-2.613138914108276367e+00 1.019167900085449219e-02
-2.607984542846679688e+00 1.670734763145446777e+00
-2.607627391815185547e+00 -3.057471513748168945e-01
-2.607033729553222656e+00 2.174004316329956055e+00
-2.575492620468139648e+00 3.049294948577880859e+00
-2.556680917739868164e+00 3.936977386474609375e-01
-2.547856092453002930e+00 -1.202919363975524902e+00
-2.534828186035156250e+00 2.824198722839355469e+00
-2.534068822860717773e+00 -8.327466249465942383e-01
-2.531443357467651367e+00 2.388805389404296875e+00
-2.529691219329833984e+00 2.701692581176757812e+00
-2.527972698211669922e+00 2.567104339599609375e+00
-2.512754917144775391e+00 -3.046611785888671875e+00
-2.510858297348022461e+00 -5.275224447250366211e-01
-2.490287303924560547e+00 1.960728645324707031e+00
-2.490151405334472656e+00 2.928927421569824219e+00
-2.486174345016479492e+00 1.960637569427490234e-01
-2.470678806304931641e+00 -1.453896760940551758e-01
-2.466525793075561523e+00 6.033695936203002930e-01
-2.434470176696777344e+00 -2.704296112060546875e+00
-2.434409856796264648e+00 3.058565378189086914e+00
-2.431832551956176758e+00 2.220501422882080078e+00
-2.422793388366699219e+00 2.506127357482910156e+00
-2.421739101409912109e+00 2.652819633483886719e+00
-2.417960405349731445e+00 2.783447265625000000e+00
-2.387869834899902344e+00 2.356612682342529297e-02
-2.381732463836669922e+00 2.374676704406738281e+00
-2.379185676574707031e+00 -3.601210117340087891e-01
-2.365138292312622070e+00 2.921731472015380859e+00
-2.346721649169921875e+00 3.859497308731079102e-01
-2.314980983734130859e+00 2.590376853942871094e+00
-2.307720184326171875e+00 7.874215841293334961e-01
-2.306292295455932617e+00 1.067028760910034180e+00
-2.297244310379028320e+00 2.817280292510986328e+00
-2.294868230819702148e+00 3.052405357360839844e+00
-2.287602424621582031e+00 2.707288742065429688e+00
-2.284976720809936523e+00 -6.493054628372192383e-01
-2.280684947967529297e+00 1.947542428970336914e-01
-2.279998064041137695e+00 1.404793620109558105e+00
-2.278314590454101562e+00 -1.673129796981811523e-01
-2.276946306228637695e+00 2.076791286468505859e+00
-2.275048255920410156e+00 -3.047344207763671875e+00
-2.259280204772949219e+00 2.473027467727661133e+00
-2.249377250671386719e+00 2.294901609420776367e+00
-2.220207214355468750e+00 2.913950204849243164e+00
-2.218845367431640625e+00 1.751166343688964844e+00
-2.211271762847900391e+00 5.567022562026977539e-01
-2.191545009613037109e+00 -3.646612167358398438e-04
-2.180704355239868164e+00 -3.914837837219238281e-01
-2.176642894744873047e+00 2.610339879989624023e+00
-2.156132221221923828e+00 2.773665428161621094e+00
-2.144968032836914062e+00 3.052872180938720703e+00
-2.124614000320434570e+00 3.434203863143920898e-01
-2.121849298477172852e+00 2.426467180252075195e+00
-2.104158878326416016e+00 -9.466005563735961914e-01
-2.081721544265747070e+00 -1.952929496765136719e-01
-2.079542398452758789e+00 2.907758712768554688e+00
-2.078394651412963867e+00 2.246812582015991211e+00
-2.077725887298583984e+00 1.515916585922241211e-01
-2.054080009460449219e+00 2.541616678237915039e+00
-2.046194076538085938e+00 2.674992561340332031e+00
-2.041379928588867188e+00 1.989113330841064453e+00
-2.029482126235961914e+00 -5.879286527633666992e-01
-2.021055221557617188e+00 8.152163028717041016e-01
-2.019309520721435547e+00 -3.022099494934082031e+00
-2.001577854156494141e+00 2.794812202453613281e+00
-1.995941877365112305e+00 -2.115893363952636719e-02
-1.995119690895080566e+00 3.052208900451660156e+00
-1.959197998046875000e+00 4.906274080276489258e-01
-1.950184345245361328e+00 -3.593142032623291016e-01
-1.942794442176818848e+00 2.403550148010253906e+00
-1.926276445388793945e+00 2.925381660461425781e+00
-1.920649170875549316e+00 2.560380458831787109e+00
-1.904404282569885254e+00 2.237149477005004883e-01
-1.901715517044067383e+00 2.204391479492187500e+00
-1.896513581275939941e+00 2.696493148803710938e+00
-1.873905181884765625e+00 -1.701662540435791016e-01
-1.862878918647766113e+00 2.820653676986694336e+00
-1.861040830612182617e+00 1.232146382331848145e+00
-1.849540352821350098e+00 1.630502820014953613e+00
-1.830408334732055664e+00 3.053303718566894531e+00
-1.824534654617309570e+00 1.661312580108642578e-02
-1.808053493499755859e+00 -7.045215368270874023e-01
-1.792717576026916504e+00 2.618863344192504883e+00
-1.789551377296447754e+00 1.942358493804931641e+00
-1.785583615303039551e+00 2.487709999084472656e+00
-1.781910896301269531e+00 2.340305805206298828e+00
-1.781569123268127441e+00 -4.933021068572998047e-01
-1.769120097160339355e+00 -1.762488722801208496e+00
-1.768093585968017578e+00 2.923501014709472656e+00
-1.753626108169555664e+00 2.761476993560791016e+00
-1.749060034751892090e+00 -3.114804029464721680e-01
-1.739565491676330566e+00 6.916995644569396973e-01
-1.735978245735168457e+00 -3.052012920379638672e+00
-1.735609292984008789e+00 4.218746423721313477e-01
-1.716783761978149414e+00 1.994926929473876953e-01
-1.713631749153137207e+00 2.160841464996337891e+00
-1.702434897422790527e+00 -2.724397659301757812e+00
-1.696155905723571777e+00 -1.417549848556518555e-01
-1.677297592163085938e+00 3.057218551635742188e+00
-1.672431468963623047e+00 2.672921180725097656e+00
-1.670679450035095215e+00 9.674091935157775879e-01
-1.666719079017639160e+00 2.866477727890014648e+00
-1.656457066535949707e+00 2.562640666961669922e+00
-1.645328044891357422e+00 2.588307857513427734e-02
-1.641890287399291992e+00 2.436691284179687500e+00
-1.630675673484802246e+00 -9.063721895217895508e-01
-1.625601649284362793e+00 2.292970657348632812e+00
-1.609808683395385742e+00 2.761512994766235352e+00
-1.594004154205322266e+00 -4.446508884429931641e-01
-1.588193416595458984e+00 2.964797258377075195e+00
-1.587886452674865723e+00 -2.772008180618286133e-01
-1.563532829284667969e+00 -6.372061967849731445e-01
-1.561333179473876953e+00 2.052635908126831055e+00
-1.543198108673095703e+00 -1.031867265701293945e-01
-1.542582631111145020e+00 2.645966529846191406e+00
-1.542194962501525879e+00 1.657186746597290039e-01
-1.541973948478698730e+00 3.427314758300781250e-01
-1.533615827560424805e+00 2.861430168151855469e+00
-1.530562996864318848e+00 2.526844978332519531e+00
-1.527581691741943359e+00 1.798853874206542969e+00
-1.526956081390380859e+00 1.487315893173217773e+00
-1.516782164573669434e+00 5.749847888946533203e-01
-1.512305021286010742e+00 3.068158626556396484e+00
-1.506695032119750977e+00 2.398178339004516602e+00
-1.504650950431823730e+00 2.751893997192382812e+00
-1.481755375862121582e+00 2.249154567718505859e+00
-1.470686078071594238e+00 1.182653903961181641e+00
-1.467195391654968262e+00 -3.034921646118164062e+00
-1.465397477149963379e+00 -2.179148197174072266e-01
-1.463677644729614258e+00 3.238594532012939453e-02
-1.447194814682006836e+00 8.248702883720397949e-01
-1.440592050552368164e+00 2.950811147689819336e+00
-1.440430998802185059e+00 -3.645224571228027344e-01
-1.435240983963012695e+00 2.588036537170410156e+00
-1.427481532096862793e+00 -5.101370811462402344e-01
-1.426033139228820801e+00 2.696322202682495117e+00
-1.426020741462707520e+00 2.827570438385009766e+00
-1.414225339889526367e+00 2.478610754013061523e+00
-1.402351856231689453e+00 2.115407705307006836e+00
-1.391727685928344727e+00 -9.904658794403076172e-02
-1.385243177413940430e+00 -7.403832674026489258e-01
-1.381947159767150879e+00 2.363141775131225586e+00
-1.371898770332336426e+00 2.037060260772705078e-01
-1.362612485885620117e+00 3.075707912445068359e+00
-1.355651855468750000e+00 4.218250513076782227e-01
-1.343975543975830078e+00 -1.089370608329772949e+00
-1.343573093414306641e+00 2.758703708648681641e+00
-1.342646360397338867e+00 -2.539719343185424805e-01
-1.338440179824829102e+00 2.646901607513427734e+00
-1.338337540626525879e+00 1.943082809448242188e+00
-1.332116127014160156e+00 2.547628402709960938e+00
-1.329389333724975586e+00 2.870500326156616211e+00
-1.327008247375488281e+00 2.242978572845458984e+00
-1.311666727066040039e+00 2.975520610809326172e+00
-1.302855134010314941e+00 4.328429698944091797e-02
-1.296345353126525879e+00 -5.601092576980590820e-01
-1.292275667190551758e+00 2.465963363647460938e+00
-1.283898353576660156e+00 -4.049035310745239258e-01
-1.279717922210693359e+00 1.715087294578552246e+00
-1.259286165237426758e+00 -1.149411201477050781e-01
-1.258377075195312500e+00 2.356253385543823242e+00
-1.254812359809875488e+00 2.699097156524658203e+00
-1.251796960830688477e+00 1.023680925369262695e+00
-1.250393629074096680e+00 6.407678127288818359e-01
-1.250264525413513184e+00 2.799651861190795898e+00
-1.249774694442749023e+00 2.590643405914306641e+00
-1.235240936279296875e+00 2.102684974670410156e+00
-1.224669814109802246e+00 -2.654958963394165039e-01
-1.218664050102233887e+00 2.915296077728271484e+00
-1.216753244400024414e+00 1.440956234931945801e+00
-1.215098381042480469e+00 -3.041999816894531250e+00
-1.209768295288085938e+00 3.051743030548095703e+00
-1.193966150283813477e+00 2.447170972824096680e+00
-1.193803668022155762e+00 -8.439439535140991211e-01
-1.187054395675659180e+00 -6.660479307174682617e-01
-1.184544324874877930e+00 2.235356330871582031e+00
-1.176319122314453125e+00 2.870572805404663086e-01
-1.173013210296630859e+00 2.537249088287353516e+00
-1.161573410034179688e+00 2.832151651382446289e+00
-1.160713672637939453e+00 2.638509750366210938e+00
-1.158672213554382324e+00 2.735468864440917969e+00
-1.155255556106567383e+00 -4.922671318054199219e-01
-1.132838010787963867e+00 2.354197025299072266e+00
-1.132433176040649414e+00 4.731595516204833984e-02
-1.128045082092285156e+00 1.940122723579406738e+00
-1.126652479171752930e+00 -3.471337556838989258e-01
-1.120057344436645508e+00 -1.538156270980834961e-01
-1.099410176277160645e+00 2.930202484130859375e+00
-1.086730480194091797e+00 2.465946197509765625e+00
-1.069508910179138184e+00 2.579276084899902344e+00
-1.064133763313293457e+00 2.695511817932128906e+00
-1.061807990074157715e+00 2.123310804367065430e+00
-1.057888269424438477e+00 2.813958644866943359e+00
-1.047308564186096191e+00 3.045109510421752930e+00
-1.047135949134826660e+00 2.263048648834228516e+00
-1.035357952117919922e+00 -5.852478742599487305e-01
-9.991175532341003418e-01 -1.005212903022766113e+00
-9.977102279663085938e-01 2.379071235656738281e+00
-9.941490292549133301e-01 -7.523654699325561523e-01
-9.904189109802246094e-01 -4.212521314620971680e-01
-9.725424051284790039e-01 2.499113559722900391e+00
-9.661005139350891113e-01 -2.322503328323364258e-01
-9.596707224845886230e-01 2.634678602218627930e+00
-9.592632651329040527e-01 2.755417108535766602e+00
-9.538096785545349121e-01 1.762409329414367676e+00
-9.198504686355590820e-01 2.903928041458129883e+00
-9.094740748405456543e-01 2.239518165588378906e+00
-8.817659616470336914e-01 2.029989242553710938e+00
-8.515521883964538574e-01 2.555038213729858398e+00
-8.494268059730529785e-01 2.400435447692871094e+00
-8.484838604927062988e-01 -5.552333593368530273e-01
-8.121577501296997070e-01 2.719125270843505859e+00
-7.664558887481689453e-01 -7.996767759323120117e-01
-7.272689342498779297e-01 2.258147239685058594e+00
-6.537278294563293457e-01 2.505390644073486328e+00
-5.907313823699951172e-01 2.010364055633544922e+00
7.279213666915893555e-01 8.738434910774230957e-01
7.913104295730590820e-01 1.246179223060607910e+00
8.271669149398803711e-01 6.090351343154907227e-01
8.958159685134887695e-01 3.197616338729858398e-01
9.300111532211303711e-01 -2.755039691925048828e+00
9.837220907211303711e-01 8.254508376121520996e-01
1.043045163154602051e+00 -8.860341310501098633e-01
1.049868226051330566e+00 -1.944584846496582031e-01
1.057334303855895996e+00 5.143285989761352539e-01
1.107690930366516113e+00 1.852734088897705078e-01
1.338787198066711426e+00 2.807497262954711914e+00
