-1.736288070678710938e+00 1.406371593475341797e-02
-2.105859279632568359e+00 1.932178378105163574e+00
-9.793431162834167480e-01 -7.146667242050170898e-01
8.409141302108764648e-01 8.559433221817016602e-01
-2.599380970001220703e+00 3.738572597503662109e-01
-1.785189867019653320e+00 -3.038687705993652344e-01
-2.561502456665039062e+00 2.799522161483764648e+00
-1.216217637062072754e+00 1.823513269424438477e+00
-2.068443536758422852e+00 2.783910512924194336e+00
-2.164365768432617188e+00 -4.450677633285522461e-01
-1.618765830993652344e+00 1.722498774528503418e+00
-2.832386970520019531e+00 2.773230075836181641e+00
-2.556762695312500000e+00 2.373573780059814453e+00
-1.217074275016784668e+00 -5.288171768188476562e-02
-1.301913022994995117e+00 3.419924974441528320e-01
-2.648131847381591797e+00 2.606821775436401367e+00
-2.822264671325683594e+00 2.415315389633178711e+00
-1.505941629409790039e+00 -4.675017595291137695e-01
-8.254275918006896973e-01 2.392619132995605469e+00
9.800461530685424805e-01 4.198994636535644531e-01
-1.886234760284423828e+00 2.642512321472167969e+00
-1.042228221893310547e+00 2.475821018218994141e+00
-1.048384785652160645e+00 -3.702691793441772461e-01
-2.513722419738769531e+00 7.909535765647888184e-01
-2.171816349029541016e+00 3.000639677047729492e+00
-2.253410577774047852e+00 4.850813150405883789e-01
1.319373011589050293e+00 2.774525165557861328e+00
-1.444173574447631836e+00 1.178166627883911133e+00
-1.289323687553405762e+00 -2.971767187118530273e-01
-1.446032285690307617e+00 2.409510612487792969e+00
-8.629629015922546387e-01 2.049106121063232422e+00
-1.245152831077575684e+00 -5.577048063278198242e-01
-1.653858900070190430e+00 2.182672500610351562e+00
-1.359670400619506836e+00 -8.693186044692993164e-01
-1.231924891471862793e+00 2.433039426803588867e+00
-2.322042942047119141e+00 1.507402658462524414e-01
-2.597038507461547852e+00 2.004073619842529297e+00
-1.458124160766601562e+00 8.125567436218261719e-02
-1.088284730911254883e+00 2.237438678741455078e+00
-2.406300306320190430e+00 -8.833640813827514648e-01
-1.914766192436218262e+00 7.752706408500671387e-01
-2.176830530166625977e+00 2.558382511138916016e+00
-2.608695030212402344e+00 -4.496052265167236328e-01
-1.136192202568054199e+00 2.655799865722656250e+00
-1.328084945678710938e+00 2.612230300903320312e+00
-1.810085892677307129e+00 -6.802939176559448242e-01
-2.355901241302490234e+00 -1.652462482452392578e-01
-1.445229053497314453e+00 2.817934513092041016e+00
-2.424806594848632812e+00 2.592983484268188477e+00
-1.570291996002197266e+00 3.003219604492187500e+00
-2.631712913513183594e+00 -1.748812198638916016e-02
-1.965071439743041992e+00 2.353445053100585938e+00
-1.688357234001159668e+00 2.485547780990600586e+00
-1.299524545669555664e+00 3.003902435302734375e+00
-2.447295904159545898e+00 3.000192165374755859e+00
-1.254790306091308594e+00 2.795460700988769531e+00
-1.685030817985534668e+00 2.778663158416748047e+00
-1.865605950355529785e+00 2.961827754974365234e+00
-1.334802985191345215e+00 2.163760662078857422e+00
-1.518957853317260742e+00 2.628921985626220703e+00
-2.403031349182128906e+00 1.312050342559814453e+00
-1.984765291213989258e+00 2.473924160003662109e-01
-2.046462059020996094e+00 -8.780729770660400391e-02
9.276264905929565430e-01 -2.681377410888671875e+00
1.060261845588684082e+00 -1.764973402023315430e-01
-1.648991465568542480e+00 3.711376190185546875e-01
-1.503746747970581055e+00 -1.766078472137451172e-01
-2.307919025421142578e+00 2.300213813781738281e+00
-2.433069467544555664e+00 -3.008346080780029297e+00
-1.414574384689331055e+00 7.369651794433593750e-01
-9.254904389381408691e-01 2.682427883148193359e+00
-2.320050716400146484e+00 2.791625976562500000e+00
-2.711604833602905273e+00 2.993085861206054688e+00
-1.070341587066650391e+00 2.900442123413085938e+00
-1.533908247947692871e+00 -3.010239601135253906e+00
